2,2
2,4
2,6
2,8
2,10
2,12
2,14
2,16
2,18
2,20
2,22
2,24
2,26
2,28
2,30
2,32
2,34
2,36
2,38
2,40
2,42
2,44
2,46
2,48
2,50
2,52
2,54
2,56
2,58
2,60
2,62
2,64
2,66
2,68
2,70
2,72
2,74
2,76
2,78
2,80
2,82
2,84
2,86
2,88
2,90
2,92
2,94
2,96
2,98
2,100
4,4
4,6
4,8
4,10
4,12
4,14
4,16
4,18
4,20
4,22
4,24
4,26
4,28
4,30
4,32
4,34
4,36
4,38
4,40
4,42
4,44
4,46
4,48
4,50
4,52
4,54
4,56
4,58
4,60
4,62
4,64
4,66
4,68
4,70
4,72
4,74
4,76
4,78
4,80
4,82
4,84
4,86
4,88
4,90
4,92
4,94
4,96
4,98
4,100
6,6
6,8
6,10
6,12
6,14
6,16
6,18
6,20
6,22
6,24
6,26
6,28
6,30
6,32
6,34
6,36
6,38
6,40
6,42
6,44
6,46
6,48
6,50
6,52
6,54
6,56
6,58
6,60
6,62
6,64
6,66
6,68
6,70
6,72
6,74
6,76
6,78
6,80
6,82
6,84
6,86
6,88
6,90
6,92
6,94
6,96
6,98
6,100
8,8
8,10
8,12
8,14
8,16
8,18
8,20
8,22
8,24
8,26
8,28
8,30
8,32
8,34
8,36
8,38
8,40
8,42
8,44
8,46
8,48
8,50
8,52
8,54
8,56
8,58
8,60
8,62
8,64
8,66
8,68
8,70
8,72
8,74
8,76
8,78
8,80
8,82
8,84
8,86
8,88
8,90
8,92
8,94
8,96
8,98
8,100
10,10
10,12
10,14
10,16
10,18
10,20
10,22
10,24
10,26
10,28
10,30
10,32
10,34
10,36
10,38
10,40
10,42
10,44
10,46
10,48
10,50
10,52
10,54
10,56
10,58
10,60
10,62
10,64
10,66
10,68
10,70
10,72
10,74
10,76
10,78
10,80
10,82
10,84
10,86
10,88
10,90
10,92
10,94
10,96
10,98
10,100
12,12
12,14
12,16
12,18
12,20
12,22
12,24
12,26
12,28
12,30
12,32
12,34
12,36
12,38
12,40
12,42
12,44
12,46
12,48
12,50
12,52
12,54
12,56
12,58
12,60
12,62
12,64
12,66
12,68
12,70
12,72
12,74
12,76
12,78
12,80
12,82
12,84
12,86
12,88
12,90
12,92
12,94
12,96
12,98
12,100
14,14
14,16
14,18
14,20
14,22
14,24
14,26
14,28
14,30
14,32
14,34
14,36
14,38
14,40
14,42
14,44
14,46
14,48
14,50
14,52
14,54
14,56
14,58
14,60
14,62
14,64
14,66
14,68
14,70
14,72
14,74
14,76
14,78
14,80
14,82
14,84
14,86
14,88
14,90
14,92
14,94
14,96
14,98
14,100
16,16
16,18
16,20
16,22
16,24
16,26
16,28
16,30
16,32
16,34
16,36
16,38
16,40
16,42
16,44
16,46
16,48
16,50
16,52
16,54
16,56
16,58
16,60
16,62
16,64
16,66
16,68
16,70
16,72
16,74
16,76
16,78
16,80
16,82
16,84
16,86
16,88
16,90
16,92
16,94
16,96
16,98
16,100
18,18
18,20
18,22
18,24
18,26
18,28
18,30
18,32
18,34
18,36
18,38
18,40
18,42
18,44
18,46
18,48
18,50
18,52
18,54
18,56
18,58
18,60
18,62
18,64
18,66
18,68
18,70
18,72
18,74
18,76
18,78
18,80
18,82
18,84
18,86
18,88
18,90
18,92
18,94
18,96
18,98
18,100
20,20
20,22
20,24
20,26
20,28
20,30
20,32
20,34
20,36
20,38
20,40
20,42
20,44
20,46
20,48
20,50
20,52
20,54
20,56
20,58
20,60
20,62
20,64
20,66
20,68
20,70
20,72
20,74
20,76
20,78
20,80
20,82
20,84
20,86
20,88
20,90
20,92
20,94
20,96
20,98
20,100
22,22
22,24
22,26
22,28
22,30
22,32
22,34
22,36
22,38
22,40
22,42
22,44
22,46
22,48
22,50
22,52
22,54
22,56
22,58
22,60
22,62
22,64
22,66
22,68
22,70
22,72
22,74
22,76
22,78
22,80
22,82
22,84
22,86
22,88
22,90
22,92
22,94
22,96
22,98
22,100
24,24
24,26
24,28
24,30
24,32
24,34
24,36
24,38
24,40
24,42
24,44
24,46
24,48
24,50
24,52
24,54
24,56
24,58
24,60
24,62
24,64
24,66
24,68
24,70
24,72
24,74
24,76
24,78
24,80
24,82
24,84
24,86
24,88
24,90
24,92
24,94
24,96
24,98
24,100
26,26
26,28
26,30
26,32
26,34
26,36
26,38
26,40
26,42
26,44
26,46
26,48
26,50
26,52
26,54
26,56
26,58
26,60
26,62
26,64
26,66
26,68
26,70
26,72
26,74
26,76
26,78
26,80
26,82
26,84
26,86
26,88
26,90
26,92
26,94
26,96
26,98
26,100
28,28
28,30
28,32
28,34
28,36
28,38
28,40
28,42
28,44
28,46
28,48
28,50
28,52
28,54
28,56
28,58
28,60
28,62
28,64
28,66
28,68
28,70
28,72
28,74
28,76
28,78
28,80
28,82
28,84
28,86
28,88
28,90
28,92
28,94
28,96
28,98
28,100
30,30
30,32
30,34
30,36
30,38
30,40
30,42
30,44
30,46
30,48
30,50
30,52
30,54
30,56
30,58
30,60
30,62
30,64
30,66
30,68
30,70
30,72
30,74
30,76
30,78
30,80
30,82
30,84
30,86
30,88
30,90
30,92
30,94
30,96
30,98
30,100
32,32
32,34
32,36
32,38
32,40
32,42
32,44
32,46
32,48
32,50
32,52
32,54
32,56
32,58
32,60
32,62
32,64
32,66
32,68
32,70
32,72
32,74
32,76
32,78
32,80
32,82
32,84
32,86
32,88
32,90
32,92
32,94
32,96
32,98
32,100
34,34
34,36
34,38
34,40
34,42
34,44
34,46
34,48
34,50
34,52
34,54
34,56
34,58
34,60
34,62
34,64
34,66
34,68
34,70
34,72
34,74
34,76
34,78
34,80
34,82
34,84
34,86
34,88
34,90
34,92
34,94
34,96
34,98
34,100
36,36
36,38
36,40
36,42
36,44
36,46
36,48
36,50
36,52
36,54
36,56
36,58
36,60
36,62
36,64
36,66
36,68
36,70
36,72
36,74
36,76
36,78
36,80
36,82
36,84
36,86
36,88
36,90
36,92
36,94
36,96
36,98
36,100
38,38
38,40
38,42
38,44
38,46
38,48
38,50
38,52
38,54
38,56
38,58
38,60
38,62
38,64
38,66
38,68
38,70
38,72
38,74
38,76
38,78
38,80
38,82
38,84
38,86
38,88
38,90
38,92
38,94
38,96
38,98
38,100
40,40
40,42
40,44
40,46
40,48
40,50
40,52
40,54
40,56
40,58
40,60
40,62
40,64
40,66
40,68
40,70
40,72
40,74
40,76
40,78
40,80
40,82
40,84
40,86
40,88
40,90
40,92
40,94
40,96
40,98
40,100
42,42
42,44
42,46
42,48
42,50
42,52
42,54
42,56
42,58
42,60
42,62
42,64
42,66
42,68
42,70
42,72
42,74
42,76
42,78
42,80
42,82
42,84
42,86
42,88
42,90
42,92
42,94
42,96
42,98
42,100
44,44
44,46
44,48
44,50
44,52
44,54
44,56
44,58
44,60
44,62
44,64
44,66
44,68
44,70
44,72
44,74
44,76
44,78
44,80
44,82
44,84
44,86
44,88
44,90
44,92
44,94
44,96
44,98
44,100
46,46
46,48
46,50
46,52
46,54
46,56
46,58
46,60
46,62
46,64
46,66
46,68
46,70
46,72
46,74
46,76
46,78
46,80
46,82
46,84
46,86
46,88
46,90
46,92
46,94
46,96
46,98
46,100
48,48
48,50
48,52
48,54
48,56
48,58
48,60
48,62
48,64
48,66
48,68
48,70
48,72
48,74
48,76
48,78
48,80
48,82
48,84
48,86
48,88
48,90
48,92
48,94
48,96
48,98
48,100
50,50
50,52
50,54
50,56
50,58
50,60
50,62
50,64
50,66
50,68
50,70
50,72
50,74
50,76
50,78
50,80
50,82
50,84
50,86
50,88
50,90
50,92
50,94
50,96
50,98
50,100
52,52
52,54
52,56
52,58
52,60
52,62
52,64
52,66
52,68
52,70
52,72
52,74
52,76
52,78
52,80
52,82
52,84
52,86
52,88
52,90
52,92
52,94
52,96
52,98
52,100
54,54
54,56
54,58
54,60
54,62
54,64
54,66
54,68
54,70
54,72
54,74
54,76
54,78
54,80
54,82
54,84
54,86
54,88
54,90
54,92
54,94
54,96
54,98
54,100
56,56
56,58
56,60
56,62
56,64
56,66
56,68
56,70
56,72
56,74
56,76
56,78
56,80
56,82
56,84
56,86
56,88
56,90
56,92
56,94
56,96
56,98
56,100
58,58
58,60
58,62
58,64
58,66
58,68
58,70
58,72
58,74
58,76
58,78
58,80
58,82
58,84
58,86
58,88
58,90
58,92
58,94
58,96
58,98
58,100
60,60
60,62
60,64
60,66
60,68
60,70
60,72
60,74
60,76
60,78
60,80
60,82
60,84
60,86
60,88
60,90
60,92
60,94
60,96
60,98
60,100
62,62
62,64
62,66
62,68
62,70
62,72
62,74
62,76
62,78
62,80
62,82
62,84
62,86
62,88
62,90
62,92
62,94
62,96
62,98
62,100
64,64
64,66
64,68
64,70
64,72
64,74
64,76
64,78
64,80
64,82
64,84
64,86
64,88
64,90
64,92
64,94
64,96
64,98
64,100
66,66
66,68
66,70
66,72
66,74
66,76
66,78
66,80
66,82
66,84
66,86
66,88
66,90
66,92
66,94
66,96
66,98
66,100
68,68
68,70
68,72
68,74
68,76
68,78
68,80
68,82
68,84
68,86
68,88
68,90
68,92
68,94
68,96
68,98
68,100
70,70
70,72
70,74
70,76
70,78
70,80
70,82
70,84
70,86
70,88
70,90
70,92
70,94
70,96
70,98
70,100
72,72
72,74
72,76
72,78
72,80
72,82
72,84
72,86
72,88
72,90
72,92
72,94
72,96
72,98
72,100
74,74
74,76
74,78
74,80
74,82
74,84
74,86
74,88
74,90
74,92
74,94
74,96
74,98
74,100
76,76
76,78
76,80
76,82
76,84
76,86
76,88
76,90
76,92
76,94
76,96
76,98
76,100
78,78
78,80
78,82
78,84
78,86
78,88
78,90
78,92
78,94
78,96
78,98
78,100
80,80
80,82
80,84
80,86
80,88
80,90
80,92
80,94
80,96
80,98
80,100
82,82
82,84
82,86
82,88
82,90
82,92
82,94
82,96
82,98
82,100
84,84
84,86
84,88
84,90
84,92
84,94
84,96
84,98
84,100
86,86
86,88
86,90
86,92
86,94
86,96
86,98
86,100
88,88
88,90
88,92
88,94
88,96
88,98
88,100
90,90
90,92
90,94
90,96
90,98
90,100
92,92
92,94
92,96
92,98
92,100
94,94
94,96
94,98
94,100
96,96
96,98
96,100
98,98
98,100
100,100
2,NaN
4,NaN
6,NaN
8,NaN
10,NaN
12,NaN
14,NaN
16,NaN
18,NaN
20,NaN
22,NaN
24,NaN
26,NaN
28,NaN
30,NaN
32,NaN
34,NaN
36,NaN
38,NaN
40,NaN
42,NaN
44,NaN
46,NaN
48,NaN
50,NaN
52,NaN
54,NaN
56,NaN
58,NaN
60,NaN
62,NaN
64,NaN
66,NaN
68,NaN
70,NaN
72,NaN
74,NaN
76,NaN
78,NaN
80,NaN
82,NaN
84,NaN
86,NaN
88,NaN
90,NaN
92,NaN
94,NaN
96,NaN
98,NaN
100,NaN
NaN,2
NaN,4
NaN,6
NaN,8
NaN,10
NaN,12
NaN,14
NaN,16
NaN,18
NaN,20
NaN,22
NaN,24
NaN,26
NaN,28
NaN,30
NaN,32
NaN,34
NaN,36
NaN,38
NaN,40
NaN,42
NaN,44
NaN,46
NaN,48
NaN,50
NaN,52
NaN,54
NaN,56
NaN,58
NaN,60
NaN,62
NaN,64
NaN,66
NaN,68
NaN,70
NaN,72
NaN,74
NaN,76
NaN,78
NaN,80
NaN,82
NaN,84
NaN,86
NaN,88
NaN,90
NaN,92
NaN,94
NaN,96
NaN,98
NaN,100
