0.948
0.948
0.948
0.948
0.948
0.948
0.948
0.948
0.948
0.948
0.948
0.948
0.948
0.948
0.948
0.948
0.948
0.948
0.929
0.929
0.929
0.929
0.929
0.929
0.929
0.919
0.919
0.919
0.919
0.919
0.919
0.919
0.919
0.919
0.919
0.893
0.893
0.893
0.893
0.893
0.893
0.893
0.893
0.893
0.893
0.855
0.855
0.855
0.855
0.855
0.855
0.855
0.855
0.855
0.855
0.81
0.81
0.81
0.81
0.81
0.81
0.81
0.81
0.81
0.81
0.773
0.773
0.773
0.773
0.773
0.773
0.773
0.773
0.773
0.773
0.703
0.703
0.703
0.703
0.703
0.703
0.703
0.703
0.703
0.703
0.703
0.703
0.703
0.703
0.703
0.703
0.703
0.703
0.703
0.703
0.703
0.703
0.703
0.703
0.703
0.703
