88.719,88.916,89.01,89.163,89.267,89.469,89.565,89.767,89.867,90.017,90.166,90.317,90.414,90.568,90.714,90.815,90.967,91.068,91.268,91.368,91.468,91.619,91.768,91.919,92.019,92.119,92.319,92.419,92.519,92.671,92.771,92.92,93.071,93.171,93.271,93.471,93.571,93.671,93.822,93.922,94.071,94.222,94.322,94.422,94.573,94.722,94.822,94.973,95.073,95.173,95.322,95.473,95.573,95.673,95.873,95.973,96.073,96.224,96.324,96.473,96.624,96.724,96.824,96.976,97.124,97.224
88.065,88.272,88.366,88.512,88.617,88.719,88.919,89.017,89.17,89.27,89.419,89.517,89.668,89.766,89.919,90.066,90.167,90.268,90.419,90.519,90.668,90.819,90.919,91.019,91.171,91.319,91.419,91.571,91.671,91.771,91.92,92.071,92.171,92.271,92.422,92.522,92.671,92.822,92.922,93.022,93.122,93.322,93.422,93.522,93.673,93.773,93.922,94.022,94.173,94.273,94.373,94.524,94.673,94.773,94.924,95.024,95.124,95.273,95.424,95.524,95.624,95.776,95.924,96.024,96.176,96.276
87.014,87.168,87.271,87.415,87.562,87.666,87.818,87.92,88.018,88.218,88.32,88.47,88.568,88.669,88.815,88.968,89.066,89.168,89.319,89.468,89.568,89.719,89.819,89.919,90.071,90.219,90.319,90.471,90.571,90.671,90.82,90.971,91.071,91.171,91.322,91.422,91.571,91.671,91.822,91.922,92.022,92.222,92.322,92.422,92.573,92.673,92.822,92.922,93.073,93.173,93.273,93.424,93.573,93.673,93.773,93.924,94.024,94.173,94.324,94.424,94.524,94.676,94.824,94.924,95.024,95.176
85.867,86.067,86.167,86.269,86.416,86.563,86.666,86.819,86.921,87.068,87.218,87.32,87.47,87.568,87.669,87.867,87.968,88.068,88.219,88.319,88.468,88.619,88.719,88.819,88.919,89.119,89.219,89.319,89.471,89.571,89.671,89.871,89.971,90.071,90.171,90.322,90.471,90.571,90.722,90.822,90.922,91.022,91.222,91.322,91.422,91.573,91.673,91.822,91.922,92.073,92.173,92.273,92.424,92.573,92.673,92.824,92.924,93.024,93.173,93.324,93.424,93.524,93.676,93.824,93.924,94.024
84.815,84.917,85.067,85.165,85.27,85.466,85.563,85.718,85.819,85.92,86.117,86.217,86.319,86.47,86.569,86.718,86.867,86.968,87.068,87.219,87.368,87.468,87.619,87.719,87.819,87.919,88.119,88.219,88.319,88.471,88.571,88.72,88.871,88.971,89.071,89.171,89.322,89.471,89.571,89.722,89.822,89.922,90.071,90.222,90.322,90.422,90.573,90.673,90.822,90.973,91.073,91.173,91.273,91.473,91.573,91.673,91.824,91.924,92.024,92.173,92.324,92.424,92.524,92.676,92.824,92.924
83.715,83.815,83.918,84.067,84.165,84.37,84.466,84.563,84.718,84.82,84.92,85.117,85.217,85.37,85.47,85.569,85.718,85.868,85.968,86.068,86.219,86.368,86.468,86.619,86.719,86.819,86.97,87.119,87.219,87.32,87.471,87.571,87.72,87.871,87.971,88.071,88.171,88.322,88.471,88.571,88.722,88.822,88.922,89.122,89.222,89.322,89.422,89.573,89.673,89.822,89.973,90.073,90.173,90.273,90.473,90.573,90.673,90.824,90.924,91.073,91.173,91.324,91.424,91.524,91.676,91.824
82.512,82.713,82.815,82.969,83.068,83.165,83.371,83.466,83.615,83.72,83.819,84.019,84.116,84.217,84.37,84.47,84.618,84.768,84.868,84.968,85.119,85.219,85.368,85.468,85.619,85.719,85.819,86.019,86.119,86.22,86.32,86.471,86.571,86.72,86.871,86.971,87.071,87.222,87.371,87.471,87.571,87.722,87.822,87.922,88.122,88.222,88.322,88.422,88.573,88.722,88.822,88.973,89.073,89.173,89.273,89.473,89.573,89.673,89.824,89.924,90.073,90.224,90.324,90.424,90.524,90.676
81.414,81.511,81.713,81.816,81.969,82.068,82.166,82.371,82.466,82.616,82.719,82.819,83.019,83.116,83.217,83.37,83.469,83.617,83.768,83.868,83.968,84.119,84.268,84.368,84.468,84.619,84.719,84.819,85.019,85.12,85.22,85.371,85.471,85.571,85.72,85.871,85.971,86.071,86.222,86.371,86.471,86.571,86.722,86.822,86.922,87.122,87.222,87.322,87.422,87.573,87.722,87.822,87.973,88.073,88.173,88.324,88.473,88.573,88.673,88.824,88.924,89.073,89.224,89.324,89.424,89.524
80.315,80.414,80.512,80.712,80.816,80.969,81.068,81.217,81.371,81.467,81.616,81.719,81.819,82.019,82.116,82.217,82.369,82.468,82.617,82.768,82.868,82.968,83.119,83.268,83.368,83.519,83.619,83.719,83.819,84.02,84.12,84.22,84.371,84.471,84.62,84.72,84.871,84.971,85.071,85.222,85.371,85.471,85.571,85.722,85.822,85.971,86.122,86.222,86.322,86.473,86.573,86.722,86.822,86.973,87.073,87.173,87.373,87.473,87.573,87.673,87.824,87.924,88.073,88.224,88.324,88.424
79.164,79.315,79.414,79.613,79.711,79.816,79.97,80.069,80.266,80.372,80.465,80.616,80.719,80.868,81.018,81.115,81.216,81.368,81.517,81.617,81.768,81.868,81.968,82.119,82.268,82.368,82.519,82.619,82.719,82.868,83.02,83.12,83.22,83.371,83.471,83.62,83.72,83.871,83.971,84.071,84.222,84.371,84.471,84.622,84.722,84.822,84.971,85.122,85.222,85.322,85.473,85.573,85.722,85.822,85.973,86.073,86.173,86.373,86.473,86.573,86.673,86.824,86.924,87.073,87.224,87.324
78.063,78.166,78.314,78.461,78.612,78.712,78.869,78.97,79.067,79.266,79.37,79.465,79.616,79.719,79.867,80.018,80.114,80.268,80.368,80.517,80.617,80.768,80.868,80.968,81.119,81.268,81.368,81.519,81.619,81.72,81.869,82.02,82.12,82.22,82.371,82.471,82.62,82.771,82.871,82.971,83.071,83.222,83.371,83.471,83.622,83.722,83.822,83.971,84.122,84.222,84.322,84.473,84.573,84.722,84.822,84.973,85.073,85.173,85.373,85.473,85.573,85.673,85.824,85.924,86.073,86.224
76.912,77.064,77.167,77.313,77.459,77.614,77.712,77.869,77.968,78.116,78.265,78.37,78.466,78.616,78.718,78.918,79.017,79.117,79.268,79.368,79.517,79.668,79.768,79.868,79.968,80.168,80.268,80.368,80.519,80.62,80.72,80.92,81.02,81.12,81.22,81.371,81.471,81.62,81.771,81.871,81.971,82.071,82.271,82.371,82.471,82.622,82.722,82.822,82.971,83.122,83.222,83.322,83.473,83.573,83.722,83.822,83.973,84.073,84.173,84.373,84.473,84.573,84.724,84.824,84.973,85.073
75.813,75.912,76.065,76.167,76.312,76.461,76.615,76.711,76.867,76.967,77.115,77.266,77.371,77.518,77.617,77.767,77.918,78.017,78.117,78.268,78.368,78.517,78.668,78.768,78.868,78.968,79.168,79.268,79.368,79.52,79.62,79.72,79.92,80.02,80.12,80.22,80.371,80.471,80.62,80.771,80.871,80.971,81.071,81.271,81.371,81.471,81.622,81.722,81.822,81.971,82.122,82.222,82.322,82.473,82.622,82.722,82.873,82.973,83.073,83.173,83.373,83.473,83.573,83.724,83.824,83.973
74.611,74.815,74.963,75.065,75.219,75.314,75.462,75.616,75.709,75.867,75.966,76.166,76.266,76.371,76.518,76.616,76.767,76.917,77.017,77.117,77.268,77.417,77.517,77.668,77.768,77.868,78.019,78.168,78.268,78.368,78.52,78.62,78.72,78.92,79.02,79.12,79.22,79.371,79.52,79.62,79.771,79.871,79.971,80.122,80.271,80.371,80.471,80.622,80.722,80.822,81.022,81.122,81.222,81.322,81.473,81.622,81.722,81.873,81.973,82.073,82.173,82.373,82.473,82.573,82.724,82.824
73.514,73.717,73.818,73.962,74.065,74.223,74.365,74.513,74.615,74.708,74.866,74.966,75.166,75.265,75.37,75.516,75.615,75.766,75.917,76.017,76.117,76.268,76.417,76.517,76.668,76.768,76.868,77.019,77.168,77.268,77.369,77.52,77.62,77.768,77.92,78.02,78.12,78.271,78.371,78.52,78.62,78.771,78.871,78.971,79.122,79.271,79.371,79.471,79.622,79.722,79.871,80.022,80.122,80.222,80.322,80.473,80.622,80.722,80.873,80.973,81.073,81.173,81.373,81.473,81.573,81.724
72.411,72.566,72.721,72.821,72.963,73.062,73.223,73.366,73.513,73.612,73.706,73.866,74.014,74.165,74.264,74.368,74.515,74.667,74.765,74.916,75.015,75.114,75.265,75.414,75.514,75.666,75.766,75.866,76.066,76.166,76.266,76.417,76.517,76.617,76.766,76.917,77.017,77.117,77.268,77.368,77.517,77.617,77.768,77.868,77.969,78.169,78.269,78.369,78.469,78.62,78.72,78.869,79.02,79.12,79.22,79.32,79.471,79.62,79.72,79.871,79.971,80.071,80.22,80.371,80.471,80.571
71.303,71.409,71.625,71.726,71.875,71.959,72.113,72.275,72.418,72.51,72.612,72.757,72.914,73.013,73.163,73.262,73.418,73.518,73.665,73.816,73.915,74.014,74.165,74.314,74.414,74.566,74.666,74.766,74.866,75.066,75.166,75.266,75.417,75.517,75.617,75.817,75.917,76.017,76.117,76.268,76.417,76.517,76.668,76.768,76.869,76.969,77.169,77.269,77.369,77.52,77.62,77.72,77.869,78.02,78.12,78.22,78.371,78.471,78.62,78.72,78.871,78.971,79.071,79.271,79.371,79.471
70.154,70.302,70.414,70.634,70.733,70.871,70.958,71.116,71.278,71.416,71.51,71.611,71.756,71.912,72.063,72.161,72.26,72.418,72.565,72.664,72.815,72.914,73.013,73.165,73.314,73.414,73.566,73.666,73.766,73.917,74.066,74.166,74.266,74.417,74.517,74.666,74.817,74.917,75.017,75.117,75.268,75.417,75.517,75.668,75.769,75.869,75.969,76.169,76.269,76.369,76.52,76.62,76.72,76.869,77.02,77.12,77.22,77.371,77.52,77.62,77.72,77.871,77.971,78.071,78.271,78.371
69.063,69.202,69.305,69.519,69.648,69.78,69.874,70.015,70.171,70.328,70.418,70.511,70.664,70.804,70.912,71.062,71.162,71.318,71.416,71.564,71.715,71.814,71.913,72.065,72.214,72.314,72.415,72.566,72.666,72.766,72.966,73.066,73.166,73.317,73.417,73.517,73.666,73.817,73.917,74.017,74.168,74.268,74.417,74.517,74.669,74.769,74.869,75.069,75.169,75.269,75.369,75.52,75.62,75.769,75.92,76.02,76.12,76.22,76.371,76.52,76.62,76.771,76.871,76.971,77.12,77.271
67.984,68.109,68.206,68.413,68.534,68.692,68.787,68.937,69.073,69.168,69.333,69.42,69.565,69.664,69.805,69.962,70.063,70.167,70.316,70.464,70.564,70.714,70.813,70.914,71.065,71.214,71.315,71.466,71.566,71.666,71.817,71.966,72.066,72.166,72.317,72.417,72.566,72.717,72.817,72.917,73.017,73.168,73.317,73.417,73.569,73.669,73.769,73.869,74.069,74.169,74.269,74.42,74.52,74.62,74.769,74.92,75.02,75.12,75.22,75.42,75.52,75.62,75.771,75.871,75.971,76.12
66.892,67.043,67.122,67.31,67.423,67.596,67.698,67.798,67.991,68.069,68.218,68.334,68.473,68.614,68.712,68.854,68.963,69.067,69.216,69.364,69.464,69.614,69.713,69.814,69.965,70.114,70.215,70.314,70.466,70.566,70.666,70.866,70.966,71.066,71.217,71.317,71.417,71.566,71.717,71.817,71.917,72.068,72.168,72.317,72.417,72.569,72.669,72.769,72.92,73.069,73.169,73.269,73.42,73.52,73.669,73.769,73.92,74.02,74.12,74.271,74.42,74.52,74.62,74.771,74.871,74.971
65.846,65.951,66.053,66.227,66.324,66.486,66.596,66.712,66.906,66.986,67.117,67.219,67.333,67.47,67.611,67.707,67.853,67.967,68.116,68.216,68.364,68.514,68.613,68.714,68.814,69.014,69.115,69.214,69.366,69.466,69.566,69.766,69.866,69.966,70.066,70.217,70.317,70.466,70.617,70.717,70.817,70.917,71.068,71.217,71.317,71.469,71.569,71.669,71.769,71.969,72.069,72.169,72.269,72.42,72.52,72.669,72.82,72.92,73.02,73.12,73.271,73.42,73.52,73.671,73.771,73.871
64.749,64.854,64.96,65.154,65.243,65.39,65.486,65.606,65.823,65.902,66.035,66.119,66.222,66.385,66.52,66.609,66.762,66.867,66.965,67.116,67.264,67.362,67.513,67.614,67.714,67.866,68.015,68.114,68.266,68.366,68.466,68.566,68.766,68.866,68.966,69.117,69.217,69.317,69.466,69.617,69.717,69.817,69.968,70.068,70.217,70.317,70.469,70.569,70.669,70.82,70.969,71.069,71.169,71.32,71.42,71.569,71.669,71.82,71.92,72.02,72.171,72.32,72.42,72.52,72.671,72.771
63.652,63.755,63.91,64.058,64.161,64.305,64.389,64.544,64.661,64.817,64.948,65.038,65.122,65.274,65.436,65.517,65.663,65.767,65.865,66.016,66.164,66.262,66.413,66.514,66.614,66.766,66.915,67.014,67.166,67.266,67.366,67.466,67.666,67.766,67.866,67.966,68.117,68.217,68.366,68.517,68.617,68.717,68.817,68.968,69.117,69.217,69.369,69.469,69.569,69.669,69.869,69.969,70.069,70.22,70.32,70.42,70.569,70.72,70.82,70.92,71.02,71.171,71.32,71.42,71.571,71.671
62.556,62.655,62.808,62.955,63.062,63.219,63.304,63.447,63.598,63.701,63.863,63.949,64.04,64.173,64.323,64.432,64.571,64.667,64.765,64.916,65.064,65.162,65.313,65.414,65.514,65.666,65.815,65.914,66.014,66.166,66.266,66.366,66.517,66.666,66.766,66.866,67.017,67.117,67.217,67.417,67.517,67.617,67.717,67.868,67.969,68.117,68.217,68.369,68.469,68.569,68.72,68.869,68.969,69.069,69.22,69.32,69.42,69.569,69.72,69.82,69.92,70.071,70.22,70.32,70.42,70.571
61.448,61.549,61.705,61.862,62.009,62.109,62.216,62.349,62.453,62.601,62.745,62.862,62.95,63.09,63.222,63.319,63.484,63.567,63.665,63.816,63.915,64.062,64.213,64.314,64.414,64.514,64.666,64.814,64.914,65.066,65.166,65.266,65.366,65.566,65.666,65.766,65.917,66.017,66.117,66.266,66.417,66.517,66.617,66.717,66.869,67.017,67.117,67.269,67.369,67.469,67.569,67.769,67.869,67.969,68.12,68.22,68.32,68.469,68.62,68.72,68.82,68.92,69.071,69.22,69.32,69.471
60.347,60.493,60.598,60.758,60.915,61.006,61.107,61.258,61.357,61.507,61.646,61.747,61.862,61.998,62.09,62.219,62.373,62.467,62.565,62.716,62.815,62.962,63.113,63.214,63.314,63.414,63.566,63.714,63.814,63.966,64.066,64.166,64.266,64.466,64.566,64.666,64.766,64.917,65.017,65.166,65.317,65.417,65.517,65.617,65.769,65.917,66.017,66.117,66.269,66.369,66.469,66.62,66.769,66.869,66.969,67.12,67.22,67.32,67.469,67.62,67.72,67.82,67.971,68.12,68.22,68.32
59.251,59.342,59.542,59.651,59.809,59.911,60.002,60.15,60.313,60.411,60.552,60.646,60.747,60.912,60.999,61.136,61.273,61.367,61.465,61.616,61.715,61.862,61.962,62.114,62.214,62.314,62.466,62.614,62.714,62.814,62.966,63.066,63.166,63.366,63.466,63.566,63.666,63.817,63.917,64.017,64.166,64.317,64.417,64.517,64.669,64.769,64.917,65.017,65.169,65.269,65.369,65.469,65.669,65.769,65.869,66.02,66.12,66.22,66.369,66.52,66.62,66.72,66.82,66.971,67.12,67.22
58.149,58.246,58.442,58.545,58.701,58.804,58.906,59.044,59.203,59.314,59.458,59.554,59.646,59.796,59.963,60.046,60.189,60.267,60.365,60.516,60.615,60.762,60.862,61.014,61.114,61.214,61.366,61.514,61.614,61.714,61.866,61.966,62.066,62.217,62.366,62.466,62.566,62.717,62.817,62.917,63.066,63.217,63.317,63.417,63.517,63.669,63.817,63.917,64.069,64.169,64.269,64.369,64.569,64.669,64.769,64.869,65.02,65.12,65.269,65.42,65.52,65.62,65.72,65.871,66.02,66.12
57.054,57.144,57.295,57.445,57.597,57.697,57.849,57.948,58.097,58.254,58.359,58.459,58.554,58.696,58.796,58.959,59.098,59.167,59.265,59.416,59.515,59.662,59.762,59.914,60.014,60.114,60.266,60.414,60.514,60.614,60.766,60.866,60.966,61.066,61.266,61.366,61.466,61.617,61.717,61.817,61.966,62.117,62.217,62.317,62.417,62.569,62.717,62.817,62.917,63.069,63.169,63.269,63.42,63.569,63.669,63.769,63.92,64.02,64.12,64.269,64.42,64.52,64.62,64.771,64.871,65.02
55.956,56.058,56.198,56.345,56.501,56.603,56.746,56.847,56.992,57.151,57.256,57.361,57.459,57.604,57.747,57.844,58.012,58.105,58.204,58.351,58.449,58.598,58.697,58.845,58.942,59.039,59.187,59.334,59.432,59.53,59.679,59.776,59.874,59.973,60.172,60.272,60.371,60.47,60.622,60.722,60.871,61.022,61.122,61.222,61.322,61.473,61.573,61.722,61.822,61.973,62.073,62.173,62.273,62.473,62.573,62.673,62.824,62.924,63.024,63.173,63.324,63.424,63.524,63.624,63.775,63.924
54.853,55.009,55.159,55.248,55.4,55.507,55.653,55.795,55.941,56.046,56.153,56.258,56.411,56.507,56.652,56.743,56.896,57.005,57.104,57.251,57.399,57.498,57.597,57.745,57.842,57.939,58.087,58.234,58.332,58.43,58.579,58.676,58.774,58.873,59.072,59.172,59.271,59.37,59.522,59.622,59.771,59.922,60.022,60.122,60.222,60.373,60.473,60.622,60.722,60.873,60.973,61.073,61.173,61.373,61.473,61.573,61.673,61.824,61.924,62.073,62.224,62.324,62.424,62.524,62.675,62.824
53.756,53.905,54.061,54.208,54.301,54.405,54.557,54.703,54.84,54.945,55.047,55.155,55.308,55.46,55.556,55.7,55.795,55.905,56.004,56.151,56.299,56.398,56.547,56.645,56.742,56.839,56.987,57.134,57.232,57.33,57.479,57.576,57.674,57.822,57.972,58.072,58.171,58.27,58.422,58.522,58.671,58.822,58.922,59.022,59.122,59.273,59.373,59.522,59.622,59.773,59.873,59.973,60.073,60.273,60.373,60.473,60.573,60.724,60.824,60.973,61.073,61.224,61.324,61.424,61.575,61.675
52.705,52.809,53.007,53.111,53.21,53.304,53.454,53.607,53.749,53.844,53.995,54.1,54.207,54.358,54.461,54.605,54.704,54.805,54.953,55.101,55.199,55.298,55.447,55.545,55.642,55.739,55.936,56.034,56.132,56.23,56.379,56.476,56.574,56.722,56.872,56.972,57.071,57.17,57.322,57.422,57.571,57.722,57.822,57.922,58.022,58.173,58.322,58.422,58.522,58.673,58.773,58.873,58.973,59.173,59.273,59.373,59.473,59.624,59.724,59.873,59.973,60.124,60.224,60.324,60.424,60.575
51.602,51.758,51.911,52.008,52.113,52.261,52.403,52.503,52.653,52.754,52.895,52.997,53.151,53.257,53.408,53.509,53.608,53.705,53.853,54.001,54.099,54.198,54.347,54.445,54.542,54.639,54.836,54.934,55.032,55.13,55.279,55.376,55.474,55.673,55.772,55.872,55.971,56.121,56.222,56.371,56.471,56.622,56.722,56.822,56.922,57.073,57.222,57.322,57.422,57.573,57.673,57.773,57.873,58.073,58.173,58.273,58.373,58.524,58.624,58.773,58.873,59.024,59.124,59.224,59.324,59.475
50.508,50.703,50.805,50.913,51.054,51.212,51.308,51.404,51.558,51.654,51.802,51.946,52.048,52.153,52.307,52.406,52.511,52.654,52.804,52.901,52.999,53.148,53.247,53.345,53.442,53.639,53.736,53.834,53.932,54.08,54.179,54.276,54.423,54.573,54.672,54.772,54.871,55.021,55.122,55.271,55.371,55.522,55.622,55.722,55.822,55.973,56.122,56.222,56.322,56.473,56.573,56.673,56.773,56.973,57.073,57.173,57.273,57.424,57.524,57.673,57.773,57.924,58.024,58.124,58.224,58.375
49.409,49.609,49.699,49.808,49.96,50.104,50.259,50.357,50.458,50.608,50.753,50.853,50.948,51.1,51.204,51.306,51.408,51.605,51.704,51.801,51.949,52.048,52.147,52.245,52.442,52.539,52.636,52.734,52.832,52.98,53.079,53.225,53.323,53.473,53.572,53.672,53.771,53.921,54.07,54.171,54.271,54.422,54.522,54.622,54.722,54.922,55.022,55.122,55.222,55.373,55.473,55.573,55.722,55.873,55.973,56.073,56.173,56.324,56.424,56.573,56.673,56.824,56.924,57.024,57.124,57.324
48.411,48.511,48.606,48.752,48.905,49.01,49.152,49.26,49.36,49.507,49.657,49.754,49.904,50,50.101,50.254,50.409,50.505,50.604,50.751,50.849,50.948,51.047,51.194,51.342,51.439,51.536,51.634,51.782,51.88,52.028,52.125,52.274,52.373,52.472,52.572,52.722,52.821,52.97,53.071,53.222,53.322,53.422,53.522,53.673,53.822,53.922,54.022,54.173,54.273,54.373,54.473,54.673,54.773,54.873,54.973,55.073,55.224,55.324,55.473,55.573,55.724,55.824,55.924,56.024,56.224
47.312,47.412,47.509,47.658,47.799,47.957,48.058,48.153,48.312,48.459,48.555,48.708,48.804,48.905,49.001,49.2,49.304,49.405,49.553,49.651,49.749,49.848,49.997,50.145,50.242,50.339,50.436,50.584,50.682,50.83,50.928,51.076,51.174,51.273,51.372,51.523,51.622,51.77,51.87,52.022,52.122,52.222,52.322,52.422,52.622,52.722,52.822,52.922,53.073,53.173,53.273,53.422,53.573,53.673,53.773,53.873,54.024,54.124,54.273,54.373,54.524,54.624,54.724,54.824,54.975,55.124
46.214,46.361,46.509,46.611,46.757,46.85,46.956,47.059,47.256,47.362,47.505,47.606,47.708,47.906,48.007,48.101,48.201,48.354,48.453,48.551,48.699,48.848,48.947,49.045,49.142,49.239,49.387,49.484,49.632,49.73,49.879,49.976,50.074,50.173,50.323,50.472,50.571,50.67,50.77,50.922,51.022,51.122,51.222,51.422,51.522,51.622,51.722,51.873,51.973,52.073,52.222,52.373,52.473,52.573,52.673,52.824,52.924,53.073,53.173,53.273,53.424,53.524,53.624,53.724,53.924,54.024
45.111,45.26,45.412,45.563,45.66,45.759,45.903,46.055,46.159,46.31,46.415,46.508,46.657,46.81,46.907,47.008,47.153,47.254,47.353,47.501,47.649,47.748,47.847,47.945,48.092,48.189,48.336,48.434,48.532,48.68,48.779,48.876,48.974,49.124,49.272,49.372,49.471,49.621,49.722,49.822,49.922,50.071,50.222,50.322,50.422,50.522,50.673,50.773,50.873,51.022,51.173,51.273,51.373,51.473,51.573,51.724,51.873,51.973,52.073,52.224,52.324,52.424,52.524,52.675,52.824,52.924
44.057,44.208,44.31,44.465,44.562,44.662,44.862,44.952,45.056,45.213,45.314,45.517,45.608,45.707,45.86,45.958,46.059,46.205,46.353,46.451,46.549,46.648,46.797,46.895,47.042,47.139,47.236,47.384,47.482,47.58,47.679,47.827,47.974,48.073,48.172,48.272,48.422,48.521,48.622,48.722,48.922,49.022,49.122,49.222,49.322,49.473,49.573,49.673,49.822,49.973,50.073,50.173,50.273,50.373,50.524,50.673,50.773,50.873,51.024,51.124,51.224,51.324,51.475,51.624,51.724,51.824
42.957,43.104,43.257,43.362,43.564,43.664,43.766,43.911,44.003,44.161,44.316,44.415,44.517,44.658,44.757,44.912,45.009,45.154,45.253,45.351,45.449,45.599,45.747,45.845,45.942,46.089,46.187,46.284,46.382,46.48,46.679,46.776,46.874,46.973,47.123,47.223,47.322,47.421,47.57,47.722,47.822,47.922,48.022,48.122,48.273,48.373,48.522,48.622,48.773,48.873,48.973,49.073,49.173,49.324,49.473,49.573,49.673,49.824,49.924,50.024,50.124,50.275,50.424,50.524,50.624,50.724
41.906,42.055,42.155,42.359,42.461,42.564,42.716,42.815,42.963,43.106,43.214,43.317,43.465,43.566,43.708,43.858,43.961,44.054,44.153,44.301,44.449,44.548,44.647,44.795,44.892,44.989,45.087,45.234,45.382,45.48,45.579,45.676,45.825,45.924,46.023,46.123,46.271,46.421,46.522,46.622,46.722,46.822,46.973,47.073,47.222,47.322,47.422,47.573,47.673,47.773,47.873,48.024,48.173,48.273,48.373,48.473,48.624,48.724,48.824,48.924,49.124,49.224,49.324,49.424,49.524,49.675
40.807,40.954,41.105,41.257,41.358,41.51,41.666,41.815,41.916,42.016,42.159,42.316,42.417,42.565,42.666,42.758,42.857,43.054,43.153,43.251,43.349,43.499,43.597,43.695,43.792,43.989,44.087,44.184,44.282,44.38,44.53,44.627,44.725,44.873,44.972,45.123,45.222,45.321,45.422,45.522,45.673,45.773,45.922,46.022,46.122,46.273,46.373,46.473,46.573,46.673,46.824,46.973,47.073,47.173,47.324,47.424,47.524,47.624,47.724,47.924,48.024,48.124,48.224,48.324,48.475,48.575
39.759,39.86,40.054,40.153,40.357,40.456,40.614,40.716,40.815,40.966,41.117,41.211,41.317,41.467,41.564,41.715,41.858,41.966,42.067,42.216,42.317,42.417,42.567,42.716,42.816,42.916,43.017,43.117,43.266,43.365,43.464,43.615,43.715,43.863,43.961,44.059,44.159,44.257,44.405,44.502,44.65,44.747,44.845,44.993,45.091,45.19,45.287,45.386,45.535,45.684,45.784,45.882,45.982,46.133,46.233,46.333,46.433,46.633,46.733,46.832,46.932,47.032,47.183,47.283,47.383,47.532
38.712,38.862,38.96,39.152,39.254,39.405,39.51,39.664,39.816,39.914,40.016,40.167,40.261,40.417,40.567,40.664,40.766,40.916,41.016,41.167,41.268,41.417,41.517,41.616,41.716,41.866,41.966,42.117,42.216,42.315,42.464,42.565,42.664,42.763,42.861,43.009,43.108,43.257,43.355,43.452,43.55,43.697,43.795,43.893,43.991,44.09,44.287,44.386,44.484,44.584,44.684,44.833,44.933,45.033,45.133,45.282,45.433,45.533,45.633,45.732,45.832,45.983,46.083,46.183,46.332,46.483
37.612,37.815,37.962,38.059,38.153,38.302,38.508,38.61,38.713,38.863,39.015,39.117,39.268,39.362,39.467,39.616,39.765,39.866,40.016,40.116,40.217,40.317,40.417,40.566,40.716,40.816,40.917,41.066,41.166,41.265,41.364,41.465,41.564,41.763,41.861,41.959,42.059,42.157,42.305,42.402,42.5,42.597,42.695,42.893,42.991,43.09,43.187,43.286,43.384,43.535,43.634,43.733,43.833,43.982,44.133,44.233,44.333,44.433,44.533,44.683,44.783,44.883,45.032,45.132,45.283,45.383
36.611,36.715,36.865,37.01,37.16,37.252,37.406,37.558,37.709,37.811,37.963,38.065,38.168,38.369,38.462,38.567,38.717,38.816,38.916,39.016,39.217,39.317,39.417,39.516,39.616,39.766,39.866,39.966,40.066,40.215,40.364,40.465,40.564,40.663,40.761,40.909,41.008,41.107,41.205,41.302,41.45,41.597,41.695,41.793,41.891,41.99,42.138,42.236,42.335,42.435,42.584,42.682,42.833,42.933,43.033,43.133,43.233,43.383,43.483,43.632,43.732,43.832,43.983,44.083,44.183,44.283
35.563,35.663,35.815,35.964,36.111,36.209,36.356,36.507,36.657,36.757,36.86,37.064,37.166,37.269,37.37,37.511,37.617,37.816,37.916,38.016,38.117,38.217,38.366,38.466,38.566,38.716,38.866,38.966,39.066,39.165,39.264,39.365,39.514,39.613,39.711,39.859,39.959,40.057,40.205,40.302,40.4,40.497,40.595,40.743,40.842,40.94,41.087,41.186,41.284,41.435,41.534,41.633,41.733,41.833,41.933,42.084,42.184,42.333,42.433,42.532,42.683,42.783,42.883,42.983,43.083,43.233
34.513,34.663,34.762,34.915,35.062,35.211,35.359,35.505,35.606,35.758,35.859,35.961,36.114,36.267,36.369,36.469,36.612,36.716,36.816,36.966,37.117,37.217,37.317,37.466,37.566,37.666,37.766,37.866,38.015,38.114,38.264,38.365,38.464,38.563,38.711,38.809,38.908,39.007,39.105,39.202,39.35,39.447,39.595,39.693,39.791,39.89,40.038,40.136,40.235,40.335,40.434,40.533,40.683,40.833,40.933,41.033,41.133,41.233,41.383,41.483,41.583,41.683,41.783,41.983,42.083,42.183
33.516,33.664,33.762,33.862,34.013,34.213,34.31,34.458,34.554,34.707,34.86,34.96,35.062,35.215,35.317,35.419,35.62,35.716,35.816,35.916,36.066,36.166,36.266,36.366,36.516,36.666,36.766,36.866,36.966,37.065,37.213,37.314,37.414,37.513,37.611,37.709,37.859,38.007,38.105,38.202,38.3,38.397,38.495,38.643,38.742,38.84,38.938,39.036,39.135,39.335,39.434,39.533,39.633,39.733,39.833,39.984,40.084,40.183,40.283,40.383,40.532,40.683,40.783,40.883,40.983,41.083
32.513,32.667,32.763,32.863,33.01,33.114,33.313,33.409,33.557,33.656,33.759,33.961,34.061,34.212,34.316,34.417,34.52,34.665,34.816,34.916,35.017,35.166,35.266,35.366,35.466,35.566,35.715,35.815,35.915,36.065,36.164,36.265,36.414,36.513,36.611,36.709,36.808,36.907,37.005,37.152,37.25,37.347,37.445,37.593,37.691,37.84,37.938,38.036,38.135,38.235,38.334,38.433,38.583,38.683,38.783,38.933,39.033,39.133,39.283,39.383,39.483,39.583,39.683,39.783,39.933,40.033
31.513,31.664,31.767,31.863,32.012,32.111,32.263,32.411,32.558,32.659,32.759,32.91,33.011,33.161,33.312,33.416,33.518,33.665,33.766,33.866,33.966,34.066,34.266,34.366,34.466,34.566,34.666,34.815,34.915,35.014,35.113,35.214,35.314,35.413,35.56,35.709,35.808,35.907,36.005,36.102,36.2,36.347,36.445,36.543,36.642,36.74,36.838,36.936,37.086,37.235,37.334,37.433,37.533,37.633,37.783,37.884,37.984,38.083,38.183,38.283,38.383,38.534,38.683,38.783,38.883,38.983
30.459,30.664,30.763,30.918,31.011,31.113,31.26,31.362,31.561,31.659,31.762,31.909,32.01,32.111,32.211,32.413,32.517,32.616,32.766,32.866,32.966,33.066,33.215,33.315,33.415,33.566,33.666,33.766,33.915,34.014,34.113,34.214,34.314,34.413,34.511,34.659,34.758,34.856,34.954,35.052,35.15,35.297,35.395,35.543,35.642,35.74,35.838,35.936,36.035,36.135,36.285,36.384,36.483,36.583,36.683,36.784,36.933,37.083,37.183,37.283,37.383,37.483,37.583,37.734,37.833,37.933
29.512,29.611,29.764,29.914,30.017,30.113,30.265,30.36,30.464,30.662,30.76,30.912,31.01,31.111,31.212,31.361,31.514,31.616,31.766,31.866,31.966,32.066,32.215,32.315,32.415,32.515,32.615,32.715,32.815,33.014,33.113,33.214,33.314,33.413,33.511,33.609,33.708,33.856,33.954,34.052,34.15,34.247,34.345,34.443,34.542,34.691,34.788,34.936,35.035,35.135,35.234,35.333,35.483,35.583,35.683,35.784,35.884,35.983,36.083,36.234,36.334,36.434,36.583,36.683,36.783,36.883
28.413,28.665,28.761,28.914,29.063,29.169,29.265,29.415,29.511,29.665,29.764,29.911,30.013,30.112,30.262,30.363,30.463,30.665,30.766,30.866,30.966,31.066,31.215,31.315,31.415,31.515,31.615,31.715,31.815,31.964,32.063,32.163,32.263,32.362,32.511,32.609,32.708,32.856,32.954,33.052,33.15,33.247,33.345,33.443,33.542,33.64,33.788,33.887,33.986,34.085,34.185,34.284,34.383,34.483,34.683,34.784,34.884,34.983,35.083,35.183,35.283,35.434,35.534,35.634,35.733,35.833
27.411,27.565,27.815,27.912,28.064,28.165,28.321,28.466,28.567,28.663,28.816,28.914,29.012,29.164,29.262,29.363,29.464,29.614,29.766,29.866,29.966,30.116,30.215,30.315,30.415,30.515,30.615,30.715,30.864,30.964,31.063,31.163,31.263,31.362,31.46,31.559,31.658,31.806,31.954,32.052,32.15,32.247,32.345,32.443,32.542,32.64,32.738,32.887,32.986,33.085,33.185,33.284,33.383,33.483,33.583,33.734,33.834,33.934,34.034,34.134,34.283,34.383,34.483,34.634,34.733,34.833
26.413,26.614,26.716,26.965,27.062,27.266,27.368,27.422,27.567,27.718,27.814,27.919,28.066,28.163,28.266,28.364,28.515,28.665,28.766,28.866,29.016,29.116,29.215,29.315,29.415,29.515,29.615,29.765,29.864,29.964,30.063,30.163,30.263,30.362,30.46,30.559,30.708,30.806,30.904,31.002,31.1,31.197,31.295,31.394,31.542,31.64,31.738,31.887,31.986,32.085,32.185,32.284,32.383,32.483,32.583,32.684,32.834,32.934,33.034,33.134,33.234,33.334,33.434,33.534,33.633,33.784
25.42,25.616,25.764,25.917,26.115,26.213,26.418,26.518,26.624,26.718,26.87,26.966,27.071,27.168,27.315,27.416,27.566,27.665,27.815,27.915,28.016,28.116,28.215,28.315,28.464,28.564,28.665,28.765,28.864,28.964,29.063,29.163,29.263,29.362,29.51,29.608,29.708,29.806,29.904,30.002,30.1,30.197,30.295,30.394,30.492,30.591,30.739,30.837,30.936,31.085,31.185,31.284,31.383,31.483,31.583,31.684,31.784,31.934,32.034,32.134,32.234,32.334,32.434,32.534,32.633,32.733
24.423,24.622,24.819,24.966,25.068,25.317,25.418,25.52,25.669,25.774,25.869,26.021,26.168,26.222,26.37,26.467,26.618,26.737,26.837,26.937,27.037,27.185,27.285,27.385,27.485,27.585,27.685,27.785,27.885,27.985,28.134,28.234,28.334,28.434,28.534,28.635,28.734,28.834,28.934,29.033,29.133,29.233,29.333,29.432,29.58,29.679,29.779,29.879,29.977,30.076,30.174,30.273,30.372,30.47,30.618,30.716,30.863,30.961,31.059,31.157,31.256,31.354,31.452,31.551,31.651,31.75
23.475,23.625,23.826,23.971,24.117,24.27,24.471,24.569,24.722,24.87,24.976,25.072,25.174,25.32,25.424,25.521,25.618,25.737,25.885,25.985,26.085,26.185,26.285,26.385,26.485,26.634,26.733,26.834,26.934,27.034,27.134,27.234,27.334,27.434,27.534,27.635,27.734,27.834,27.934,28.082,28.181,28.281,28.381,28.481,28.58,28.679,28.779,28.879,28.977,29.076,29.174,29.273,29.372,29.47,29.617,29.714,29.812,29.91,30.009,30.157,30.256,30.354,30.452,30.551,30.651,30.75
22.526,22.628,22.829,23.03,23.173,23.319,23.424,23.673,23.77,23.921,24.021,24.127,24.224,24.326,24.471,24.575,24.673,24.785,24.885,24.985,25.134,25.234,25.333,25.485,25.585,25.685,25.785,25.885,25.985,26.082,26.183,26.283,26.383,26.483,26.583,26.683,26.783,26.882,26.982,27.082,27.181,27.281,27.381,27.481,27.58,27.679,27.779,27.879,27.977,28.076,28.223,28.322,28.421,28.519,28.617,28.714,28.812,28.91,29.009,29.107,29.206,29.304,29.402,29.501,29.651,29.8
21.624,21.73,21.881,22.082,22.229,22.425,22.522,22.675,22.823,22.92,23.124,23.224,23.33,23.427,23.577,23.673,23.777,23.885,23.985,24.085,24.185,24.334,24.433,24.534,24.634,24.734,24.833,24.934,25.034,25.134,25.234,25.334,25.434,25.534,25.634,25.735,25.834,25.934,26.034,26.182,26.281,26.381,26.43,26.529,26.628,26.727,26.828,26.927,27.026,27.124,27.223,27.322,27.421,27.519,27.617,27.714,27.812,27.91,28.009,28.107,28.206,28.354,28.452,28.551,28.651,28.75
20.729,20.826,20.984,21.134,21.285,21.482,21.579,21.724,21.826,22.073,22.171,22.275,22.376,22.481,22.627,22.729,22.825,22.934,23.034,23.134,23.234,23.334,23.482,23.582,23.682,23.782,23.882,23.982,24.082,24.182,24.283,24.383,24.483,24.583,24.683,24.783,24.883,24.982,25.082,25.182,25.281,25.381,25.481,25.581,25.68,25.779,25.879,25.979,26.077,26.176,26.274,26.322,26.421,26.519,26.666,26.763,26.862,26.96,27.058,27.157,27.256,27.354,27.452,27.551,27.651,27.75
19.786,19.983,20.133,20.239,20.338,20.485,20.685,20.831,20.975,21.076,21.276,21.374,21.478,21.627,21.733,21.83,21.932,22.034,22.134,22.234,22.334,22.434,22.533,22.682,22.782,22.882,22.982,23.082,23.182,23.282,23.383,23.431,23.531,23.631,23.731,23.831,23.931,24.031,24.131,24.23,24.33,24.43,24.53,24.629,24.728,24.827,24.928,25.027,25.126,25.224,25.323,25.422,25.521,25.619,25.717,25.814,25.912,26.01,26.058,26.157,26.256,26.354,26.452,26.551,26.651,26.75
18.89,19.04,19.239,19.339,19.492,19.59,19.738,19.937,20.082,20.176,20.279,20.427,20.525,20.729,20.829,20.935,21.032,21.182,21.282,21.382,21.482,21.531,21.63,21.73,21.83,21.931,22.03,22.131,22.231,22.331,22.431,22.531,22.631,22.731,22.831,22.931,23.031,23.131,23.231,23.279,23.378,23.478,23.578,23.678,23.777,23.876,23.976,24.076,24.175,24.273,24.372,24.471,24.569,24.668,24.766,24.863,24.962,25.06,25.158,25.257,25.356,25.454,25.552,25.651,25.751,25.8
17.997,18.145,18.343,18.493,18.641,18.742,18.841,18.99,19.188,19.284,19.428,19.53,19.678,19.776,19.881,19.981,20.135,20.231,20.331,20.431,20.531,20.631,20.73,20.83,20.93,21.031,21.13,21.231,21.331,21.431,21.531,21.631,21.679,21.78,21.88,21.98,22.08,22.179,22.279,22.379,22.478,22.578,22.63,22.729,22.828,22.927,22.976,23.076,23.175,23.273,23.372,23.471,23.569,23.668,23.766,23.863,23.962,24.06,24.158,24.257,24.356,24.454,24.552,24.651,24.751,24.85
17.108,17.303,17.448,17.649,17.746,17.891,17.994,18.093,18.294,18.439,18.535,18.68,18.782,18.881,18.979,19.132,19.232,19.331,19.431,19.531,19.631,19.731,19.83,19.93,20.03,20.131,20.23,20.331,20.379,20.479,20.58,20.68,20.779,20.88,20.98,21.08,21.18,21.279,21.379,21.427,21.527,21.627,21.678,21.778,21.877,21.976,22.076,22.176,22.275,22.373,22.472,22.571,22.669,22.717,22.815,22.913,23.011,23.109,23.208,23.306,23.405,23.503,23.602,23.701,23.801,23.9
16.217,16.415,16.606,16.755,16.902,17.046,17.144,17.246,17.345,17.545,17.691,17.787,17.883,17.985,18.133,18.23,18.335,18.479,18.579,18.679,18.779,18.879,18.979,19.079,19.179,19.279,19.327,19.379,19.479,19.579,19.68,19.78,19.879,19.98,20.08,20.18,20.228,20.328,20.427,20.527,20.627,20.727,20.827,20.926,20.977,21.076,21.176,21.224,21.324,21.422,21.52,21.62,21.718,21.817,21.915,22.013,22.111,22.209,22.308,22.406,22.505,22.553,22.652,22.751,22.851,22.95
15.382,15.571,15.717,15.913,16.056,16.253,16.35,16.448,16.598,16.648,16.797,16.942,17.039,17.135,17.236,17.384,17.482,17.579,17.679,17.779,17.879,17.979,18.079,18.179,18.279,18.379,18.427,18.528,18.628,18.728,18.828,18.928,19.028,19.128,19.228,19.228,19.328,19.428,19.527,19.627,19.727,19.827,19.927,20.026,20.074,20.173,20.273,20.373,20.424,20.522,20.62,20.72,20.818,20.917,20.964,21.062,21.16,21.259,21.357,21.456,21.555,21.653,21.752,21.851,21.951,22.05
14.543,14.682,14.872,15.07,15.213,15.36,15.505,15.602,15.747,15.849,15.947,16.05,16.194,16.291,16.386,16.488,16.635,16.727,16.828,16.928,17.028,17.128,17.227,17.327,17.427,17.528,17.627,17.676,17.776,17.876,17.928,18.028,18.128,18.228,18.328,18.377,18.477,18.576,18.676,18.776,18.827,18.927,18.975,19.075,19.174,19.273,19.373,19.473,19.572,19.671,19.769,19.769,19.867,19.966,20.064,20.162,20.26,20.359,20.457,20.556,20.655,20.753,20.802,20.901,21.001,21.1
13.754,13.897,14.036,14.226,14.423,14.566,14.659,14.857,14.954,15.051,15.101,15.2,15.355,15.498,15.594,15.69,15.839,15.927,16.028,16.128,16.228,16.276,16.376,16.476,16.576,16.676,16.776,16.876,16.876,16.976,17.077,17.176,17.276,17.377,17.477,17.525,17.625,17.676,17.776,17.876,17.975,18.075,18.124,18.223,18.323,18.373,18.473,18.573,18.672,18.771,18.818,18.918,19.016,19.115,19.213,19.262,19.36,19.459,19.507,19.606,19.705,19.803,19.902,20.001,20.101,20.2
12.954,13.108,13.296,13.444,13.579,13.721,13.917,14.011,14.109,14.205,14.35,14.452,14.551,14.653,14.75,14.846,14.989,15.076,15.176,15.276,15.376,15.476,15.576,15.676,15.724,15.824,15.924,16.024,16.076,16.176,16.225,16.325,16.425,16.525,16.625,16.677,16.725,16.825,16.924,17.024,17.124,17.224,17.275,17.323,17.423,17.522,17.622,17.722,17.821,17.868,17.918,18.018,18.116,18.215,18.313,18.411,18.51,18.558,18.656,18.706,18.805,18.903,19.002,19.101,19.201,19.3
12.265,12.407,12.507,12.704,12.841,12.93,13.071,13.268,13.362,13.46,13.557,13.654,13.756,13.855,13.957,14.1,14.197,14.276,14.376,14.476,14.525,14.624,14.724,14.824,14.924,15.024,15.124,15.173,15.273,15.325,15.425,15.525,15.625,15.673,15.773,15.825,15.925,16.025,16.073,16.173,16.272,16.324,16.424,16.523,16.571,16.67,16.771,16.87,16.921,17.02,17.067,17.166,17.265,17.364,17.462,17.511,17.61,17.658,17.756,17.855,17.954,18.053,18.152,18.251,18.251,18.35
11.526,11.663,11.76,11.958,12.099,12.192,12.281,12.477,12.619,12.713,12.812,12.908,13.005,13.107,13.153,13.308,13.404,13.517,13.654,13.75,13.847,13.942,14.039,14.136,14.235,14.233,14.332,14.431,14.53,14.63,14.629,14.728,14.827,14.926,15.026,15.07,15.124,15.223,15.323,15.422,15.467,15.521,15.621,15.72,15.82,15.92,15.965,16.019,16.119,16.219,16.319,16.365,16.464,16.519,16.619,16.718,16.818,16.918,16.963,17.062,17.115,17.215,17.314,17.413,17.458,17.556
10.887,10.978,11.115,11.212,11.31,11.506,11.542,11.733,11.828,11.97,12.064,12.163,12.259,12.356,12.458,12.503,12.658,12.759,12.854,12.95,13.047,13.142,13.239,13.336,13.379,13.478,13.577,13.676,13.73,13.774,13.874,13.973,14.027,14.126,14.171,14.27,14.369,14.423,14.468,14.567,14.667,14.766,14.821,14.866,14.966,15.065,15.165,15.219,15.265,15.365,15.465,15.565,15.664,15.664,15.764,15.864,15.964,16.063,16.163,16.162,16.261,16.361,16.46,16.559,16.658,16.702
10.206,10.34,10.431,10.566,10.663,10.76,10.9,10.993,11.084,11.179,11.32,11.415,11.513,11.61,11.707,11.808,11.907,12.059,12.097,12.194,12.29,12.386,12.483,12.581,12.623,12.722,12.777,12.876,12.975,13.019,13.118,13.173,13.272,13.316,13.415,13.47,13.569,13.613,13.713,13.767,13.867,13.912,14.011,14.111,14.166,14.265,14.31,14.41,14.465,14.565,14.665,14.71,14.81,14.864,14.964,15.064,15.109,15.209,15.308,15.362,15.461,15.506,15.606,15.705,15.803,15.856
9.6661,9.6993,9.7911,9.8815,10.017,10.113,10.21,10.35,10.386,10.534,10.574,10.67,10.765,10.864,10.96,11.058,11.159,11.302,11.397,11.494,11.534,11.63,11.727,11.825,11.923,11.922,12.021,12.12,12.22,12.264,12.318,12.418,12.517,12.561,12.615,12.715,12.814,12.859,12.913,13.012,13.112,13.157,13.211,13.311,13.411,13.456,13.51,13.61,13.71,13.755,13.81,13.91,14.01,14.11,14.155,14.209,14.309,14.409,14.454,14.553,14.607,14.706,14.806,14.851,14.949,15.002
9.0232,9.1576,9.2092,9.3412,9.3737,9.4664,9.5628,9.6597,9.7563,9.7918,9.8832,9.979,10.074,10.17,10.269,10.365,10.463,10.545,10.641,10.737,10.834,10.93,10.971,11.069,11.168,11.222,11.266,11.365,11.464,11.564,11.563,11.662,11.762,11.816,11.86,11.96,12.059,12.059,12.158,12.258,12.357,12.357,12.457,12.556,12.611,12.656,12.756,12.855,12.91,12.955,13.055,13.155,13.21,13.255,13.355,13.455,13.554,13.554,13.654,13.753,13.852,13.852,13.951,14.051,14.149,14.248
8.3815,8.574,8.6673,8.6998,8.7904,8.8816,8.9154,9.0123,9.1085,9.2049,9.2403,9.3325,9.4287,9.4686,9.5648,9.6637,9.7604,9.8874,9.9836,10.08,10.077,10.174,10.271,10.369,10.412,10.511,10.61,10.665,10.709,10.808,10.908,10.962,11.007,11.106,11.16,11.205,11.304,11.359,11.403,11.503,11.557,11.657,11.702,11.802,11.856,11.901,12.001,12.055,12.155,12.201,12.301,12.355,12.455,12.5,12.6,12.655,12.754,12.8,12.899,12.953,13.052,13.098,13.197,13.251,13.349,13.394
7.7669,7.9314,8.0619,8.1558,8.2482,8.2792,8.3708,8.4047,8.5026,8.5571,8.6538,8.6886,8.7811,8.7777,8.9173,9.0141,9.1128,9.2301,9.2836,9.3803,9.4209,9.5174,9.6151,9.7133,9.7122,9.8112,9.9104,9.9541,10.009,10.108,10.208,10.252,10.307,10.406,10.45,10.505,10.604,10.649,10.703,10.803,10.848,10.902,11.002,11.047,11.101,11.201,11.301,11.301,11.401,11.501,11.546,11.601,11.701,11.746,11.8,11.9,12,12.045,12.099,12.199,12.298,12.343,12.397,12.496,12.595,12.64
8.0218,7.3153,7.48,7.6091,7.7032,7.7958,7.8263,7.8182,7.9116,7.9503,8.0461,8.1015,8.1365,8.2294,8.2833,8.4222,8.4627,8.5729,8.6266,8.7236,8.8209,8.8613,8.9592,9.0133,9.0565,9.1556,9.2549,9.2541,9.3536,9.4531,9.4973,9.552,9.6514,9.6958,9.7504,9.8498,9.8492,9.9488,10.048,10.048,10.148,10.247,10.247,10.347,10.447,10.447,10.546,10.646,10.646,10.746,10.846,10.901,10.946,11.046,11.1,11.145,11.245,11.345,11.345,11.444,11.544,11.598,11.643,11.742,11.841,11.84
7.0756,7.5672,6.8623,7.0636,7.1554,7.2502,7.2809,7.3724,7.3644,7.458,7.4562,7.4927,7.5488,7.5836,7.6776,7.7746,7.8706,7.9729,8.0127,8.0669,8.1645,8.2613,8.3033,8.3576,8.4565,8.5,8.5994,8.6541,8.6982,8.7978,8.8525,8.8968,8.9963,9.0509,9.0953,9.1948,9.1943,9.2939,9.3484,9.3933,9.493,9.5474,9.5924,9.6923,9.7468,9.792,9.8918,9.9462,9.9916,10.046,10.146,10.192,10.246,10.346,10.391,10.445,10.545,10.591,10.69,10.744,10.789,10.889,10.943,10.988,11.087,11.14
6.3896,6.6845,7.1467,6.5083,6.6094,6.7629,6.795,6.8876,6.88,6.9098,6.9035,6.9427,6.9985,7.0955,7.1298,7.1828,7.28,7.3156,7.4127,7.5102,7.608,7.6052,7.7033,7.8018,7.8009,7.9,7.9994,8.0433,8.0982,8.1425,8.242,8.2968,8.3411,8.3958,8.4953,8.5398,8.5943,8.639,8.6935,8.7933,8.8382,8.8926,8.9377,8.9923,9.0921,9.1373,9.1918,9.2916,9.337,9.3916,9.4916,9.4915,9.5914,9.6367,9.6911,9.7909,9.8363,9.8906,9.9903,10.035,10.089,10.189,10.234,10.288,10.387,10.432
5.9388,6.0339,6.3291,6.7535,6.0526,6.2189,6.3427,6.4395,6.4323,6.4249,6.4543,6.4484,6.4873,6.544,6.5813,6.6351,6.7302,6.7583,6.8557,6.9535,7.008,7.049,7.1473,7.2018,7.2452,7.3445,7.3439,7.4433,7.5429,7.5425,7.642,7.6864,7.7411,7.8407,7.8403,7.9398,7.9845,8.039,8.1387,8.1385,8.2382,8.2379,8.3377,8.3829,8.4374,8.5373,8.5371,8.637,8.737,8.737,8.837,8.8369,8.9368,9.0367,9.0365,9.1364,9.1908,9.2361,9.3358,9.3354,9.4349,9.5348,9.5343,9.6337,9.7329,9.732
5.5867,5.5814,5.675,5.9718,6.3287,5.6951,5.7966,5.9503,5.9826,5.9755,6.005,5.9982,5.9928,6.0921,6.0888,6.1864,6.1802,6.2583,6.2987,6.3969,6.4516,6.4929,6.5914,6.6461,6.6896,6.7889,6.7884,6.8879,6.9429,6.9872,7.0868,7.0864,7.186,7.2407,7.2853,7.3848,7.3845,7.4842,7.4839,7.5837,7.5835,7.6832,7.7377,7.7829,7.8828,7.8827,7.9825,7.9824,8.0824,8.137,8.1824,8.2823,8.2822,8.3821,8.4365,8.4818,8.5818,8.6361,8.6814,8.7354,8.7806,8.8804,8.9343,8.9795,9.0329,9.132
5.2302,5.2262,5.2222,5.3161,5.6134,5.9676,5.3366,5.4047,5.5268,5.6237,5.5526,5.5463,5.6042,5.5979,5.6357,5.6321,5.7302,5.801,5.7987,5.8969,5.9387,5.9929,6.0914,6.1345,6.1896,6.2334,6.2884,6.3325,6.4322,6.4872,6.5315,6.5864,6.6308,6.6856,6.7302,6.7848,6.8295,6.8842,6.929,7.0288,7.0835,7.1284,7.183,7.2282,7.2828,7.328,7.3825,7.4277,7.4824,7.5823,7.5824,7.6823,7.7276,7.7821,7.8274,7.8818,7.9818,7.9816,8.0814,8.1265,8.1806,8.2804,8.28,8.3795,8.4246,8.478
4.8702,4.8675,4.893,4.9612,4.9555,5.2832,5.5728,4.9451,5.046,5.1664,5.164,5.1578,5.152,5.1466,5.1777,5.2405,5.2748,5.301,5.3418,5.4402,5.4387,5.5368,5.5355,5.6345,5.7339,5.7334,5.8329,5.8325,5.9322,5.9319,6.0315,6.076,6.1308,6.1754,6.2302,6.2749,6.3295,6.3744,6.429,6.474,6.5287,6.5737,6.6283,6.6735,6.7281,6.828,6.8278,6.9277,6.9277,7.0277,7.0277,7.1277,7.1276,7.2275,7.2274,7.3273,7.3818,7.4271,7.5269,7.5265,7.6262,7.6261,7.7257,7.7795,7.8246,7.924
4.5341,4.534,4.6029,4.5991,4.5979,4.6925,4.9899,5.2089,4.6149,4.6855,4.7727,4.8024,4.7971,4.7921,4.7874,4.7824,4.8816,4.8437,4.8848,4.9402,4.9822,5.0806,5.1355,5.1788,5.2339,5.2778,5.3329,5.3771,5.4768,5.4766,5.5763,5.576,5.6757,5.6754,5.7752,5.7749,5.8295,5.8744,5.929,5.974,6.0287,6.0737,6.1283,6.1735,6.2281,6.2733,6.3278,6.3731,6.4277,6.4731,6.5277,6.5731,6.6276,6.6729,6.7274,6.7727,6.8272,6.8726,6.9269,6.9721,7.0718,7.1261,7.1715,7.2253,7.2705,7.324
4.2642,4.2642,4.2627,4.3317,4.3279,4.3257,4.3234,4.6218,4.8157,4.2444,4.4128,4.4085,4.4373,4.4338,4.4288,4.4248,4.4868,4.4864,4.4848,4.5835,4.5822,4.6245,4.6796,4.7788,4.7783,4.8778,4.8775,4.9771,4.9768,5.0766,5.0763,5.1208,5.1757,5.2204,5.2752,5.3199,5.3746,5.4195,5.4742,5.5192,5.5739,5.5737,5.6736,5.6735,5.7734,5.7733,5.8186,5.8731,5.9185,5.9731,6.0185,6.0731,6.1184,6.1729,6.2183,6.2727,6.3181,6.3726,6.4724,6.4721,6.5718,6.5717,6.6715,6.6711,6.7705,6.77
3.8973,3.9717,3.9694,4.0675,3.965,4.0352,4.0601,4.0586,4.3255,4.453,3.9525,4.0484,4.1138,4.142,4.0378,4.1334,4.1287,4.0864,4.1279,4.1835,4.2258,4.2245,4.3237,4.323,4.4226,4.4222,4.522,4.5217,4.6214,4.6212,4.721,4.7208,4.7206,4.8204,4.8201,4.9199,4.9197,5.0195,5.0194,5.074,5.1191,5.1189,5.2189,5.2188,5.3187,5.3187,5.3732,5.4185,5.4731,5.5185,5.5731,5.6185,5.6184,5.7183,5.7183,5.8182,5.8181,5.9181,5.9179,5.9721,6.0175,6.0717,6.1172,6.1711,6.2164,6.27
3.6802,3.6042,3.7017,3.6994,3.7982,3.7712,3.7679,3.7655,3.8617,4.0614,4.1612,3.6572,3.7532,3.8498,3.7771,3.7739,3.7699,3.7864,3.8279,3.8268,3.8258,3.9245,3.9237,3.9673,4.0226,4.0667,4.122,4.1662,4.2214,4.2212,4.321,4.3208,4.3654,4.4204,4.4651,4.5199,4.5197,4.5646,4.6194,4.6644,4.7191,4.7189,4.8189,4.8188,4.864,4.9187,4.9186,5.0185,5.0185,5.1185,5.1185,5.1638,5.2184,5.2183,5.3183,5.3182,5.4181,5.4181,5.5179,5.5177,5.6175,5.6174,5.7172,5.7169,5.7705,5.816
3.4105,3.4105,3.4087,3.5293,3.5033,3.5028,3.5013,3.4984,3.5684,3.5688,3.6957,3.793,3.3899,3.4869,3.4835,3.481,3.4773,3.4719,3.4709,3.5268,3.5258,3.5684,3.5678,3.6673,3.667,3.7222,3.7665,3.8217,3.8661,3.8659,3.9658,3.9656,4.0206,4.0653,4.0651,4.1199,4.1648,4.1646,4.2645,4.2644,4.3191,4.3642,4.3641,4.4641,4.464,4.5187,4.5639,4.5639,4.6185,4.6639,4.7185,4.7638,4.8184,4.8638,4.8637,4.9182,4.9636,5.0181,5.0634,5.1177,5.1175,5.2174,5.2172,5.2627,5.3164,5.362
3.2168,3.1376,3.2145,3.2342,3.3322,3.3077,3.3303,3.2289,3.3007,3.2756,3.3019,3.3998,3.497,3.194,3.1905,3.2879,3.2134,3.1719,3.2279,3.2268,3.2693,3.2684,3.2678,3.3673,3.367,3.3667,3.4665,3.4662,3.5661,3.5659,3.5658,3.6656,3.6654,3.7102,3.7651,3.7649,3.8098,3.8646,3.8645,3.9644,3.9643,3.9642,4.0641,4.0641,4.064,4.164,4.1639,4.2639,4.2639,4.2639,4.3639,4.3638,4.4184,4.4638,4.4637,4.5636,4.5636,4.6181,4.6634,4.6633,4.7631,4.763,4.8629,4.8627,4.9164,4.962
2.9614,3.0421,2.9407,3.0385,3.0371,3.0569,3.0336,3.0333,3.108,3.1069,3.007,3.0058,3.1282,3.2013,2.9233,2.9947,2.9912,2.9719,2.9709,2.9701,2.9693,2.9684,3.0118,3.0673,3.067,3.1111,3.1665,3.1662,3.2107,3.2659,3.3105,3.3104,3.3654,3.4102,3.4101,3.4649,3.5098,3.5098,3.5645,3.6096,3.6643,3.6642,3.7094,3.7641,3.764,3.8093,3.8639,3.8639,3.9092,3.9639,3.9639,4.0092,4.0638,4.0638,4.1637,4.1636,4.2091,4.2635,4.2634,4.3633,4.3631,4.4087,4.4629,4.4627,4.5623,4.562
2.8641,2.8461,2.8637,2.8435,2.8415,2.8603,2.8588,2.8369,2.9358,2.857,2.8347,2.8109,2.833,2.9318,2.9289,2.7265,2.7236,2.6719,2.7139,2.7134,2.7129,2.7123,2.7678,2.8115,2.8113,2.8111,2.911,2.9108,2.9107,3.0106,3.0105,3.0104,3.1103,3.1102,3.1101,3.21,3.2098,3.2098,3.2645,3.3096,3.3096,3.3642,3.4094,3.4094,3.464,3.5093,3.5093,3.5639,3.6092,3.6092,3.6639,3.7092,3.7092,3.7638,3.8091,3.8091,3.8636,3.909,3.9634,4.0088,4.0087,4.063,4.1086,4.1084,4.1623,4.208
2.6502,2.6668,2.666,2.6654,2.6645,2.6449,2.6625,2.7421,2.7395,2.6598,2.6602,2.6382,2.6158,2.6363,2.6564,2.6321,2.5292,2.5146,2.5139,2.5134,2.5129,2.5123,2.5118,2.5115,2.6113,2.6111,2.611,2.6554,2.7107,2.7106,2.7553,2.8104,2.8103,2.8102,2.9101,2.91,2.9098,2.9549,3.0097,3.0096,3.0548,3.1095,3.1094,3.1094,3.2094,3.2093,3.2093,3.3092,3.3092,3.3092,3.4092,3.4092,3.4092,3.5092,3.5091,3.5091,3.6091,3.609,3.609,3.7088,3.7087,3.7087,3.8086,3.8084,3.8082,3.908
2.4705,2.4705,2.4842,2.5508,2.5675,2.4835,2.4659,2.4825,2.5815,2.5434,2.5445,2.4627,2.4612,2.4401,2.3596,2.4586,2.3566,2.3146,2.3139,2.3134,2.3129,2.3123,2.3118,2.3115,2.3557,2.4111,2.411,2.4108,2.4554,2.5106,2.5105,2.5552,2.5551,2.6102,2.6101,2.655,2.7098,2.7098,2.7548,2.7548,2.8096,2.8095,2.8547,2.9094,2.9094,2.9547,2.9546,3.0092,3.0092,3.0546,3.1092,3.1092,3.1546,3.2092,3.2091,3.2545,3.3091,3.309,3.309,3.4088,3.4087,3.4087,3.5086,3.5084,3.5082,3.608
2.3737,2.2869,2.386,2.3695,2.3687,2.4847,2.2846,2.368,2.3832,2.4654,2.3651,2.2653,2.3,2.2632,2.2618,2.2612,2.16,2.1146,2.1139,2.1134,2.1129,2.1123,2.1559,2.1558,2.1557,2.2111,2.211,2.2554,2.2554,2.2553,2.3105,2.3552,2.3551,2.3551,2.4101,2.455,2.4549,2.5098,2.5097,2.5548,2.5548,2.6095,2.6094,2.6547,2.6547,2.7093,2.7546,2.7546,2.7546,2.8092,2.8546,2.8546,2.9092,2.9092,2.9546,3.0091,3.0091,3.0545,3.0545,3.1088,3.1544,3.1543,3.2086,3.2084,3.2541,3.308
2.1779,2.1779,2.1891,2.2,2.2752,2.2609,2.2869,2.187,2.2864,2.186,2.2715,2.1851,2.1847,2.1843,2.0675,2.0666,1.9648,1.9573,1.957,1.9567,1.9564,1.9561,1.9559,1.9558,2.0113,2.0111,2.0555,2.0554,2.0554,2.0553,2.1553,2.1552,2.1551,2.1551,2.255,2.255,2.2549,2.2549,2.3548,2.3548,2.3548,2.3547,2.4094,2.4547,2.4547,2.4547,2.5093,2.5546,2.5546,2.5546,2.6092,2.6546,2.6546,2.7092,2.7546,2.7545,2.7545,2.809,2.8545,2.8544,2.9087,2.9543,2.9543,2.9542,3.0082,3.054
